swptx {
  NumPoints 128 
  ;BlendSet 2 
  Life 0.325 
  LifeVar 0.125 
  PositionVar	0.1		0.02	0.1 
  Velocity		0.0		0.0		0.0 
  VelocityVar	0.05	0.1		0.05 
  Rate 45.000000 
  Recycle 1 
  ;FogEnable 0 
  UseShadowBox 0 
  MinShadowMod 0.000000 
  ;Ortho 0 
  ;TextureName dyna02	
  NumTextureTilesX 2 
  NumTextureTilesY 2 
  StartTextureTile 0 
  EndTextureTile 3 
}

Keyframes= 5 
Time= 0.000000 
Size= 0.09 0.08 
Color= 0.1	0.0	0.0	0.4 
Accel= 0.000000	5.000000	0.000000 
Damping= 0.000000	0.000000	0.000000 
Theta= 0.000000

Time= 0.25 
Size= 0.13 0.12 
Color= 0.8	0.2	0.000000	0.3 
Accel= 0.000000	5.000000	0.000000 
Damping= 0.000000	0.000000	0.000000 
Theta= 0.000000
 
Time= 0.500000 
Size= 0.17 0.15 
Color= 0.7	0.3	0.1	0.45 
Accel= 0.000000	5.000000	0.000000 
Damping= 0.000000	0.000000	0.000000 
Theta= 0.000000 

Time= 0.850000 
Size= 0.06 0.28 
Color= 0.1	0.025	0.0	0.2 
Accel= 0.000000	5.000000	0.000000 
Damping= 0.000000	0.000000	0.000000 
Theta= 0.000000
 
Time= 1.000000 
Size= 0.03 0.32 
Color= 0.0	0.000000	0.000000	0.000000 
Accel= 0.000000	5.000000	0.000000 
Damping= 0.000000	0.000000	0.000000 
Theta= 0.000000 

TuneFrames= 3 0.000000 0.500000 1.000000 5 0.000000 0.299991 0.500000 0.900000 1.000000 2 0.000000 1.000000 2 0.000000 1.000000 3 0.000000 0.500000 1.000000 