rmptx {
  NumPoints 20 
  Life 1.500000 
  LifeVar 0.299999 
  PositionVar 3.500000	3.000000	3.500000 
  Velocity 0.000000	0.000000	0.000000 
  VelocityVar 1.500000	1.500000	1.500000 
  Rate 12.000000 
  Recycle 0 
  UseShadowBox 0 
  MinShadowMod 0.000000 
  NumTextureTilesX 4 
  NumTextureTilesY 4 
  StartTextureTile 4 
  EndTextureTile 7 
}

Keyframes= 5 
Time= 0.000000 
Size= 4.000000 4.000000 
Color= 0.550000	0.550000	0.550000	0.000000 
Accel= 0.000000	0.000000	0.000000 
Damping= 0.000000	0.000000	0.000000 
Theta= 0.000000 
Time= 0.140625 
Size= 4.374999 4.374999 
Color= 0.550000	0.550000	0.550000	0.999999 
Accel= 0.000000	0.140624	0.000000 
Damping= 0.000000	0.042187	0.000000 
Theta= 0.014062 
Time= 0.500000 
Size= 5.333333 5.333333 
Color= 0.550000	0.550000	0.550000	1.000000 
Accel= 0.000000	0.499999	0.000000 
Damping= 0.000000	0.149999	0.000000 
Theta= 0.049999 
Time= 0.640625 
Size= 5.802082 5.802082 
Color= 0.550000	0.550000	0.550000	1.000000 
Accel= 0.000000	0.640624	0.000000 
Damping= 0.000000	0.192187	0.000000 
Theta= 0.120312 
Time= 1.000000 
Size= 7.000000 7.000000 
Color= 0.550000	0.550000	0.550000	0.000000 
Accel= 0.000000	0.999999	0.000000 
Damping= 0.000000	0.299999	0.000000 
Theta= 0.299999 
TuneFrames= 3 0.000000 0.500000 1.000000 4 0.000000 0.140625 0.640625 1.000000 2 0.000000 1.000000 2 0.000000 1.000000 3 0.000000 0.500000 1.000000 