rmptx {
  NumPoints 40 
  Life 0.999994 
  LifeVar 0.299995 
  PositionVar 0.199853	0.000000	0.199849 
  Velocity 0.000000	2.199995	0.000000 
  VelocityVar 0.499996	0.500000	0.500000 
  Rate 74.999038 
  Recycle 0 
  UseShadowBox 0 
  MinShadowMod 0.000000 
  NumTextureTilesX 4 
  NumTextureTilesY 4 
  StartTextureTile 4 
  EndTextureTile 7 
}

Keyframes= 5 
Time= 0.000000 
Size= 0.200000 0.200000 
Color= 0.000000	0.000000	0.000000	1.000000 
Accel= 0.000000	0.000000	0.000000 
Damping= 0.000000	0.000000	0.000000 
Theta= 0.999997 
Time= 0.109375 
Size= 0.264159 0.264156 
Color= 0.099998	0.099998	0.099998	1.000000 
Accel= 0.000000	0.109374	0.000000 
Damping= 0.000000	0.032811	0.000000 
Theta= 0.934371 
Time= 0.234375 
Size= 0.337484 0.337477 
Color= 0.199998	0.199998	0.199998	1.000000 
Accel= 0.000000	0.234373	0.000000 
Damping= 0.000000	0.070311	0.000000 
Theta= 0.859370 
Time= 0.500000 
Size= 0.493298 0.493284 
Color= 0.234691	0.234692	0.234692	0.653061 
Accel= 0.000000	0.499996	0.000000 
Damping= 0.000000	0.149996	0.000000 
Theta= 0.699993 
Time= 1.000000 
Size= 0.999929 0.999929 
Color= 0.299994	0.299998	0.299998	0.000000 
Accel= 0.000000	0.999993	0.000000 
Damping= 0.000000	0.299993	0.000000 
Theta= 0.499994 
TuneFrames= 3 0.000000 0.500000 1.000000 4 0.000000 0.109375 0.234375 1.000000 2 0.000000 1.000000 2 0.000000 1.000000 3 0.000000 0.500000 1.000000 