rmptx {
  NumPoints 256 
  Life 0.5 
  LifeVar 0.2 
  PositionVar 1.875511	0.600386	0.493981 
  Velocity 0.000925	0.274501	0.000088 
  VelocityVar 0.000000	1.181356	0.000000 
  Rate 60.0 
  Recycle 0 
  UseShadowBox 0 
  ;IsWeaponEffect 1
  MinShadowMod 0.400000 
  NumTextureTilesX 4 
  NumTextureTilesY 4 
  StartTextureTile 0 
  EndTextureTile 1 
}

Keyframes= 5 
Time= 0.0 
Size= 2.405482 0.24 
Color= 0.923839	0.912401	1.000000	1.000000 
Accel= 0.000000	-0.306124	0.000000 
Damping= 1.975141	0.000000	1.762085 
Theta= -2.1
 
Time= 0.2 
Size= 2.862939 2.2 
Color= 0.939306	0.930191	0.993138	0.888957 
Accel= 0.000990	-0.538377	0.001262 
Damping= 1.801360	1.807111	1.625974 
Theta= -2.1

Time= 0.6 
Size= 3.99 4.9 
Color= 0.977377	0.973982	0.976257	0.615629 
Accel= 0.003435	-1.110077	0.004377 
Damping= 1.373591	6.255394	1.290939 
Theta= -2.1 

Time= 0.725 
Size= 4.0 5.5 
Color= 0.978567	0.975350	0.977505	0.583227 
Accel= 0.003512	-1.127945	0.004474 
Damping= 1.360222	0.000000	1.280474 
Theta= -2.1

Time= 1.0 
Size= 4.657586 6.2 
Color= 0.999982	0.999982	0.999982	0.000000 
Accel= 0.004887	-1.449522	0.006226 
Damping= 1.119606	1.379506	1.092017 
Theta= -2.1 

TuneFrames= 3 0.000000 0.203125 1.000000 3 0.000000 0.703125 1.000000 2 0.000000 1.000000 4 0.000000 0.703125 0.718750 1.000000 2 0.000000 1.000000 