rmptx {
  NumPoints 50 
  Life 0.359996 
  LifeVar 0.069998 
  PositionVar 0.179995	0.179995	0.179995 
  Velocity 0.000000	0.299999	0.000000 
  VelocityVar 0.053991	0.999995	0.068991 
  Rate 124.099983 
  Recycle 0 
  UseShadowBox 0 
  MinShadowMod 0.000000 
  NumTextureTilesX 4 
  NumTextureTilesY 4 
  StartTextureTile 8 
  EndTextureTile 15 
}

Keyframes= 5 
Time= 0.000000 
Size= 0.349997 0.349997 
Color= 1.000000	1.000000	1.000000	0.000000 
Accel= 0.000000	0.100000	0.000000 
Damping= 0.000000	0.000000	0.000000 
Theta= 3.999998 
Time= 0.109375 
Size= 0.363085 0.361882 
Color= 1.000000	1.000000	1.000000	0.599998 
Accel= 0.000000	0.307812	0.000000 
Damping= 0.000000	0.032812	0.000000 
Theta= 3.781249 
Time= 0.500000 
Size= 0.409827 0.404328 
Color= 0.600000	0.600000	0.800000	0.599998 
Accel= 0.000000	1.049997	0.000000 
Damping= 0.000000	0.149997	0.000000 
Theta= 3.000000 
Time= 0.625000 
Size= 0.455869 0.503495 
Color= 0.400000	0.400000	0.600000	0.299999 
Accel= 0.000000	1.287497	0.000000 
Damping= 0.000000	0.187497	0.000000 
Theta= 3.000000 
Time= 1.000000 
Size= 0.593993 0.800995 
Color= 0.200000	0.199999	0.400000	0.000000 
Accel= 0.000000	1.999995	0.000000 
Damping= 0.000000	0.299995	0.000000 
Theta= 3.000000 
TuneFrames= 3 0.000000 0.500000 1.000000 5 0.000000 0.109375 0.500000 0.625000 1.000000 2 0.000000 1.000000 2 0.000000 1.000000 3 0.000000 0.500000 1.000000 