rmptx {
  NumPoints 100 
  Life 0.359997 
  LifeVar 0.069999 
  PositionVar 0.179996	0.179996	0.179996 
  Velocity 0.000000	0.649999	0.000000 
  VelocityVar 0.053992	1.429995	0.068992 
  Rate 124.099990 
  Recycle 0 
  UseShadowBox 0 
  MinShadowMod 0.000000 
  NumTextureTilesX 4 
  NumTextureTilesY 4 
  StartTextureTile 8 
  EndTextureTile 15 
}

Keyframes= 4 
Time= 0.000000 
Size= 0.349998 0.349998 
Color= 1.000000	1.000000	1.000000	0.000000 
Accel= 0.000000	0.100000	0.000000 
Damping= 0.000000	0.000000	0.000000 
Theta= 3.000000 
Time= 0.109375 
Size= 0.363086 0.361883 
Color= 1.000000	1.000000	1.000000	0.999998 
Accel= 0.000000	0.307812	0.000000 
Damping= 0.000000	0.032812	0.000000 
Theta= 3.000000 
Time= 0.500000 
Size= 0.409828 0.404329 
Color= 1.000000	1.000000	1.000000	0.999999 
Accel= 0.000000	1.049998	0.000000 
Damping= 0.000000	0.149998	0.000000 
Theta= 3.000000 
Time= 1.000000 
Size= 0.583994 1.080995 
Color= 1.000000	1.000000	1.000000	0.000000 
Accel= 0.000000	1.999996	0.000000 
Damping= 0.000000	0.299996	0.000000 
Theta= 3.000000 
TuneFrames= 3 0.000000 0.500000 1.000000 4 0.000000 0.109375 0.500000 1.000000 2 0.000000 1.000000 2 0.000000 1.000000 3 0.000000 0.500000 1.000000 