rmptx {
  NumPoints 20 
  Life 1.500000 
  LifeVar 0.419999 
  PositionVar 0.600002	0.120002	0.680002 
  Velocity 0.000000	0.000000	0.000000 
  VelocityVar 1.729999	0.260000	1.749999 
  Rate 12.000000 
  Recycle 0 
  UseShadowBox 0 
  MinShadowMod 0.000000 
  NumTextureTilesX 4 
  NumTextureTilesY 4 
  StartTextureTile 4 
  EndTextureTile 7 
}

Keyframes= 5 
Time= 0.000000 
Size= 0.920002 0.920002 
Color= 0.550000	0.550000	0.550000	0.000000 
Accel= 0.000000	0.000000	0.000000 
Damping= 0.000000	0.000000	0.000000 
Theta= 0.000000 
Time= 0.140625 
Size= 1.282805 1.282805 
Color= 0.550000	0.550000	0.550000	0.999998 
Accel= 0.000000	0.140624	0.000000 
Damping= 0.000000	0.042187	0.000000 
Theta= 0.014062 
Time= 0.500000 
Size= 2.209967 2.209967 
Color= 0.550000	0.550000	0.550000	0.999999 
Accel= 0.000000	0.499999	0.000000 
Damping= 0.000000	0.149999	0.000000 
Theta= 0.049998 
Time= 0.640625 
Size= 2.572769 2.572769 
Color= 0.550000	0.550000	0.550000	1.000000 
Accel= 0.000000	0.640624	0.000000 
Damping= 0.000000	0.192186	0.000000 
Theta= 0.120311 
Time= 1.000000 
Size= 3.499931 3.499931 
Color= 0.550000	0.550000	0.550000	0.000000 
Accel= 0.000000	0.999998	0.000000 
Damping= 0.000000	0.299998	0.000000 
Theta= 0.299998 
TuneFrames= 2 0.000000 1.000000 4 0.000000 0.140625 0.640625 1.000000 2 0.000000 1.000000 2 0.000000 1.000000 3 0.000000 0.500000 1.000000 