rmptx {
  NumPoints 20 
  Life 0.999996 
  LifeVar 0.809996 
  PositionVar 0.199855	0.000000	0.199851 
  Velocity 0.000000	0.499997	0.000000 
  VelocityVar 0.999997	0.500000	1.000000 
  Rate 74.999053 
  Recycle 0 
  UseShadowBox 0 
  MinShadowMod 0.000000 
  NumTextureTilesX 4 
  NumTextureTilesY 4 
  StartTextureTile 4 
  EndTextureTile 7 
}

Keyframes= 5 
Time= 0.000000 
Size= 1.500000 1.500000 
Color= 0.200000	0.200000	0.200000	0.000000 
Accel= 0.000000	0.000000	0.000000 
Damping= 0.000000	0.000000	0.000000 
Theta= 0.000000 
Time= 0.109375 
Size= 1.826659 1.826656 
Color= 0.300000	0.300000	0.300000	0.000000 
Accel= 0.000000	0.109374	0.000000 
Damping= 0.000000	0.032812	0.000000 
Theta= 0.109374 
Time= 0.234375 
Size= 2.199984 2.199977 
Color= 0.300000	0.300000	0.300000	1.000000 
Accel= 0.000000	0.234374	0.000000 
Damping= 0.000000	0.070311	0.000000 
Theta= 0.234373 
Time= 0.500000 
Size= 2.993298 2.993284 
Color= 0.386733	0.386734	0.386734	0.653061 
Accel= 0.000000	0.499997	0.000000 
Damping= 0.000000	0.149997	0.000000 
Theta= 0.499995 
Time= 1.000000 
Size= 3.499928 3.499928 
Color= 0.549996	0.549999	0.549999	0.000000 
Accel= 0.000000	0.999995	0.000000 
Damping= 0.000000	0.299995	0.000000 
Theta= 0.599995 
TuneFrames= 3 0.000000 0.500000 1.000000 4 0.000000 0.109375 0.234375 1.000000 2 0.000000 1.000000 2 0.000000 1.000000 3 0.000000 0.500000 1.000000 