rmptx {
  NumPoints 40 
  Life 0.799994 
  LifeVar 0.199994 
  PositionVar 0.049852	0.000000	0.049848 
  Velocity 0.000000	1.499994	0.000000 
  VelocityVar 0.199996	0.500000	0.200000 
  Rate 59.999263 
  Recycle 0 
  UseShadowBox 0 
  MinShadowMod 0.000000 
  NumTextureTilesX 4 
  NumTextureTilesY 4 
  StartTextureTile 4 
  EndTextureTile 7 
}

Keyframes= 5 
Time= 0.000000 
Size= 0.100000 0.100000 
Color= 0.000000	0.000000	0.000000	1.000000 
Accel= 0.000000	0.000000	0.000000 
Damping= 0.000000	0.000000	0.000000 
Theta= 1.199996 
Time= 0.109375 
Size= 0.142283 0.142280 
Color= 0.099997	0.099997	0.099997	1.000000 
Accel= 0.000000	0.109374	0.000000 
Damping= 0.000000	0.032811	0.000000 
Theta= 1.090620 
Time= 0.234375 
Size= 0.190608 0.190601 
Color= 0.299998	0.299998	0.299998	1.000000 
Accel= 0.000000	0.234373	0.000000 
Damping= 0.000000	0.070310	0.000000 
Theta= 0.965619 
Time= 0.500000 
Size= 0.293298 0.293284 
Color= 0.299996	0.299998	0.299998	0.653061 
Accel= 0.000000	0.499996	0.000000 
Damping= 0.000000	0.149996	0.000000 
Theta= 0.699992 
Time= 1.000000 
Size= 0.149929 0.149929 
Color= 0.299994	0.299998	0.299998	0.000000 
Accel= 0.000000	0.999992	0.000000 
Damping= 0.000000	0.299992	0.000000 
Theta= 0.499993 
TuneFrames= 3 0.000000 0.500000 1.000000 4 0.000000 0.109375 0.234375 1.000000 2 0.000000 1.000000 2 0.000000 1.000000 3 0.000000 0.500000 1.000000 