rmptx {
  NumPoints 175 
  Life 1.559999 
  LifeVar 0.200000 
  PositionVar 1.009999	0.000000	0.500000 
  Velocity -0.000000	1.509999	-1.089999 
  VelocityVar 0.852997	0.077497	0.192497 
  Rate 118.796730 
  Recycle 0 
  UseShadowBox 0 
  MinShadowMod 0.309992 
  NumTextureTilesX 4 
  NumTextureTilesY 4 
  StartTextureTile 0 
  EndTextureTile 15 
}

Keyframes= 4 
Time= 0.000000 
Size= 0.262490 0.237497 
Color= 1.000000	1.000000	1.000000	0.079999 
Accel= 0.000000	0.000000	0.000000 
Damping= 0.000000	0.000000	0.000000 
Theta= 0.000000 
Time= 0.500000 
Size= 0.381741 0.367497 
Color= 0.974997	0.992497	1.000000	0.074999 
Accel= 0.000000	-5.000000	0.000000 
Damping= 0.000000	0.000000	0.000000 
Theta= -0.123748 
Time= 0.750000 
Size= 0.441367 0.432497 
Color= 1.000000	1.000000	1.000000	0.177499 
Accel= 0.000000	-7.500000	0.000000 
Damping= 0.000000	0.000000	0.000000 
Theta= -0.185623 
Time= 1.000000 
Size= 0.500992 0.497497 
Color= 1.000000	1.000000	1.000000	0.000000 
Accel= 0.000000	-10.000000	0.000000 
Damping= 0.000000	0.000000	0.000000 
Theta= -0.247497 
TuneFrames= 2 0.000000 1.000000 4 0.000000 0.500000 0.750000 1.000000 2 0.000000 1.000000 2 0.000000 1.000000 2 0.000000 1.000000 