swptx {
  NumPoints 400 
  Life 0.789998 
  LifeVar 0.109000 
  PositionVar 3.0	0.000000	3.0 
  Velocity 0.000000	0.000000	0.000000 
  VelocityVar 0.257997	0.000000	0.257497 
  Rate 200.000000 
  Recycle 0 
  UseShadowBox 0 
  MinShadowMod 0.309992 
  NumTextureTilesX 2 
  NumTextureTilesY 2 
  StartTextureTile 0 
  EndTextureTile 3 
}

Keyframes= 4 
Time= 0.000000 
Size= 0.789998 0.267498 
Color= 1.000000	1.000000	1.000000	0.642497 
Accel= 0.000000	0.000000	0.000000 
Damping= 0.000000	0.000000	0.000000 
Theta= 0.000000 

Time= 0.500000 
Size= 0.605495 0.212498 
Color= 0.900000	0.909999	0.919999	0.554997 
Accel= 0.000000	0.000000	0.000000 
Damping= 0.000000	0.000000	0.000000 
Theta= -0.083748 

Time= 0.750000 
Size= 0.873243 0.294998 
Color= 1.000000	1.000000	1.000000	0.397497 
Accel= 0.000000	0.000000	0.000000 
Damping= 0.000000	0.000000	0.000000 
Theta= -0.125623 

Time= 1.000000 
Size= 1.170992 0.507497 
Color= 1.000000	1.000000	1.000000	0.000000 
Accel= 0.000000	0.000000	0.000000 
Damping= 0.000000	0.000000	0.000000 
Theta= -0.167497 

TuneFrames= 2 0.000000 1.000000 4 0.000000 0.500000 0.750000 1.000000 2 0.000000 1.000000 2 0.000000 1.000000 2 0.000000 1.000000 
