rmptx {
  NumPoints 428 
  Life 1.451148 
  LifeVar 0.323833 
  PositionVar 1.875511	0.600386	0.493981 
  Velocity 0.000925	0.274501	0.000088 
  VelocityVar 0.000000	1.181356	0.000000 
  Rate 50.559574 
  Recycle 0 
  UseShadowBox 0 
  ;IsWeaponEffect 1
  MinShadowMod 0.400000 
  NumTextureTilesX 4 
  NumTextureTilesY 4 
  StartTextureTile 0 
  EndTextureTile 1 
}

Keyframes= 5 
Time= 0.000000 
Size= 2.405482 0.238468 
Color= 0.0	0.0	0.000000	0.000000 
Accel= 0.000000	-0.306124	0.000000 
Damping= 1.975141	0.000000	1.762085 
Theta= -0.001334 
Time= 0.203125 
Size= 2.862939 2.168163 
Color= 0.939306	0.930191	0.993138	0.888957 
Accel= 0.000990	-0.538377	0.001262 
Damping= 1.801360	1.807111	1.625974 
Theta= -0.001616 
Time= 0.6 
Size= 3.988990 4.508776 
Color= 0.977377	0.973982	0.976257	0.615629 
Accel= 0.003435	-1.110077	0.004377 
Damping= 1.373591	6.255394	1.290939 
Theta= -0.002311 
Time= 0.65 
Size= 4.024180 4.581920 
Color= 0.978567	0.975350	0.977505	0.3 
Accel= 0.003512	-1.127945	0.004474 
Damping= 1.360222	0.000000	1.280474 
Theta= -0.002335 
Time= 1.000000 
Size= 4.657586 5.898509 
Color= 0.0	0.0	0.0	0.000000 
Accel= 0.004887	-1.449522	0.006226 
Damping= 1.119606	1.379506	1.092017 
Theta= -0.002723 
TuneFrames= 3 0.000000 0.203125 1.000000 3 0.000000 0.703125 1.000000 2 0.000000 1.000000 4 0.000000 0.703125 0.718750 1.000000 2 0.000000 1.000000 