rmptx {
  NumPoints 256 
  Life 1.750000 
  LifeVar 0.200000 
  PositionVar 0.000000	0.000000	0.000000 
  Velocity 0.000000	-0.003741	0.000000 
  VelocityVar 3.516288	3.519952	3.519950 
  Rate 128.000000 
  Recycle 0 
  UseShadowBox 0 
  MinShadowMod 0.000000 
  NumTextureTilesX 4 
  NumTextureTilesY 4 
  StartTextureTile 4 
  EndTextureTile 7 
}

Keyframes= 5 
Time= 0.000000 
Size= 0.402768 0.401936 
Color= 0.573452	0.529138	0.507111	0.569995 
Accel= 0.000000	0.001744	0.000000 
Damping= 0.705147	2.260844	1.762085 
Theta= 0.188663 

Time= 0.4 
Size= 0.809767 0.814565 
Color= 0.574092	0.527550	0.527989	0.374992 
Accel= 0.050306	0.502777	0.000000 
Damping= 1.358404	2.878870	2.272175 
Theta= 0.104023 

Time= 0.75 
Size= 1.329821 1.341812 
Color= 0.574908	0.525520	0.554665	0.125821 
Accel= 0.027598	1.501383	-3.789334 
Damping= 2.193122	3.668569	2.923957 
Theta= -0.004127 

Time= 0.85 
Size= 1.465488 1.479355 
Color= 0.575121	0.524990	0.561624	0.060820 
Accel= 0.021674	1.761888	-4.777857 
Damping= 2.410874	3.874578	3.093988 
Theta= -0.003984 

Time= 1.000000 
Size= 1.849876 1.869059 
Color= 0.577438	0.526130	0.569989	0.000000 
Accel= 0.004890	2.499988	-7.578669 
Damping= 3.027840	4.458270	3.575740 
Theta= -0.003576 
TuneFrames= 2 0.000000 1.000000 3 0.000000 0.734375 1.000000 3 0.000000 0.281250 1.000000 2 0.000000 1.000000 3 0.000000 0.640625 1.000000 