rmptx {
  NumPoints 10 
  Life 0.40000 
  LifeVar 0.20000 
  PositionVar 0.100000	0.100000	0.100000 
  Velocity 0.000000	0.100000	0.000000 
  VelocityVar 2.000000	2.000000	2.000000 
  Rate 20.000000 
  Recycle 1 
  UseShadowBox 0 
  MinShadowMod 0.400000 
  NumTextureTilesX 4 
  NumTextureTilesY 4 
  StartTextureTile 8 
  EndTextureTile 11 
  ;UseLocalSpace 1 
  ;GlobalAcceleration 0.000000	0.000000	0.000000 
}

Keyframes= 5 
Time= 0.000000 
Size= 0.600000 0.600000 
Color= 0.800000	0.6000000	0.400000	0.040000 
Accel= 0.000000	2.000000	0.000000 
Damping= 0.000000	0.000000	0.000000 
Theta= 0.188668 
Time= 0.140625 
Size= 0.500000 0.500000
Color= 0.700000	0.500000	0.300000	0.030000 
Accel= 0.000000	-8.000000	0.000000 
Damping= 0.000000	0.176935	0.000000 
Theta= 0.146346 
Time= 0.281250 
Size= 0.30000 0.30000
Color= 0.600000	0.400000	0.200000	0.020000 
Accel= 0.000000	-10.000000	0.000000 
Damping= 0.000000	0.353870	0.000000 
Theta= 0.104024 
Time= 0.640625 
Size= 0.200000 0.200000 
Color= 0.500000	0.300000	0.100000	0.010000 
Accel= 0.000000	-12.000000	0.000000 
Damping= 0.000000	0.806038	0.000000 
Theta= -0.004132 
Time= 1.000000 
Size= 0.050000 0.050000 
Color= 0.400000	0.200000	0.000000	0.000000 
Accel= 0.000000	-16.000000	0.000000 
Damping= 0.000000	1.258207	0.000000 
Theta= -0.003579 
TuneFrames= 2 0.000000 1.000000 3 0.000000 0.140625 1.000000 3 0.000000 0.281250 1.000000 2 0.000000 1.000000 3 0.000000 0.640625 1.000000 