rmptx {
  NumPoints 20 
  Life 1.889996 
  LifeVar 0.809997 
  PositionVar 0.999855	0.499855	0.999851 
  Velocity 0.000000	0.999997	0.000000 
  VelocityVar 1.999997	1.000000	1.999998 
  Rate 74.999061 
  Recycle 0 
  UseShadowBox 0 
  MinShadowMod 0.000000 
  NumTextureTilesX 4 
  NumTextureTilesY 4 
  StartTextureTile 4 
  EndTextureTile 7 
}

Keyframes= 5 
Time= 0.000000 
Size= 2.000000 2.000000 
Color= 0.100000	0.100000	0.100000	0.000000 
Accel= 0.000000	0.000000	0.000000 
Damping= 0.000000	0.000000	0.000000 
Theta= 0.000000 
Time= 0.109375 
Size= 2.326659 2.326656 
Color= 0.200000	0.200000	0.200000	0.000000 
Accel= 0.000000	0.109374	0.000000 
Damping= 0.000000	0.032812	0.000000 
Theta= 0.043749 
Time= 0.234375 
Size= 2.699983 2.699977 
Color= 0.300000	0.300000	0.300000	1.000000 
Accel= 0.000000	0.234374	0.000000 
Damping= 0.000000	0.070311	0.000000 
Theta= 0.093748 
Time= 0.500000 
Size= 3.493298 3.493284 
Color= 0.386734	0.386734	0.386734	0.653061 
Accel= 0.000000	0.499998	0.000000 
Damping= 0.000000	0.149998	0.000000 
Theta= 0.199996 
Time= 1.000000 
Size= 3.999928 3.999928 
Color= 0.549997	0.549999	0.549999	0.000000 
Accel= 0.000000	0.999996	0.000000 
Damping= 0.000000	0.299996	0.000000 
Theta= 0.599996 
TuneFrames= 3 0.000000 0.500000 1.000000 4 0.000000 0.109375 0.234375 1.000000 2 0.000000 1.000000 2 0.000000 1.000000 3 0.000000 0.500000 1.000000 