rmptx {
  NumPoints 175 
  Life 1.559998 
  LifeVar 0.200000 
  PositionVar 1.009999	0.000000	0.500000 
  Velocity 0.000000	1.509998	1.089998 
  VelocityVar 0.862496	0.077496	0.192496 
  Rate 118.796730 
  Recycle 0 
  UseShadowBox 0 
  MinShadowMod 0.309991 
  NumTextureTilesX 4 
  NumTextureTilesY 4 
  StartTextureTile 0 
  EndTextureTile 15 
}

Keyframes= 4 
Time= 0.000000 
Size= 0.262489 0.237496 
Color= 1.000000	1.000000	1.000000	0.079998 
Accel= 0.000000	0.000000	0.000000 
Damping= 0.000000	0.000000	0.000000 
Theta= 0.000000 
Time= 0.500000 
Size= 0.381740 0.367496 
Color= 0.974996	0.992496	1.000000	0.074998 
Accel= 0.000000	-5.000000	0.000000 
Damping= 0.000000	0.000000	0.000000 
Theta= -0.123747 
Time= 0.750000 
Size= 0.441366 0.432496 
Color= 1.000000	1.000000	1.000000	0.177498 
Accel= 0.000000	-7.500000	0.000000 
Damping= 0.000000	0.000000	0.000000 
Theta= -0.185622 
Time= 1.000000 
Size= 0.500991 0.497496 
Color= 1.000000	1.000000	1.000000	0.000000 
Accel= 0.000000	-10.000000	0.000000 
Damping= 0.000000	0.000000	0.000000 
Theta= -0.247496 
TuneFrames= 2 0.000000 1.000000 4 0.000000 0.500000 0.750000 1.000000 2 0.000000 1.000000 2 0.000000 1.000000 2 0.000000 1.000000 