index,name,offset,offset_hex,body_offset,parameters,locals,enter_name_length,end_hint
0,main,0,0x0,5,0,6,0,296
1,Function_1,296,0x128,301,1,4,0,415
2,Function_2,415,0x19F,420,1,36,0,1000
3,Function_3,1000,0x3E8,1005,3,5,0,1047
4,Function_4,1047,0x417,1052,2,4,0,1064
5,Function_5,1064,0x428,1069,1,19,0,1364
6,Function_6,1364,0x554,1369,1,21,0,1490
7,Function_7,1490,0x5D2,1495,0,2,0,1504
8,Function_8,1504,0x5E0,1509,1,20,0,1554
9,Function_9,1554,0x612,1559,1,5,0,1707
10,Function_10,1707,0x6AB,1712,1,3,0,1723
11,Function_11,1723,0x6BB,1728,1,60,0,5383
12,Function_12,5383,0x1507,5388,0,2,0,5661
13,Function_13,5661,0x161D,5666,2,4,0,5683
14,Function_14,5683,0x1633,5688,0,2,0,5758
15,Function_15,5758,0x167E,5763,0,2,0,6020
16,Function_16,6020,0x1784,6025,0,3,0,6071
17,Function_17,6071,0x17B7,6076,0,6,0,6474
18,Function_18,6474,0x194A,6479,0,6,0,6915
19,Function_19,6915,0x1B03,6920,0,2,0,6929
20,Function_20,6929,0x1B11,6934,3,19,0,7470
21,Function_21,7470,0x1D2E,7475,1,9,0,7637
22,Function_22,7637,0x1DD5,7642,3,6,0,8305
23,Function_23,8305,0x2071,8310,8,32,0,9903
24,Function_24,9903,0x26AF,9908,0,3,0,9912
25,Function_25,9912,0x26B8,9917,1,3,0,9929
26,Function_26,9929,0x26C9,9934,4,14,0,10176
27,Function_27,10176,0x27C0,10181,2,12,0,10203
28,Function_28,10203,0x27DB,10208,4,7,0,10306
29,Function_29,10306,0x2842,10311,2,4,0,10324
30,Function_30,10324,0x2854,10329,2,4,0,10342
31,Function_31,10342,0x2866,10347,5,11,0,10650
32,Function_32,10650,0x299A,10655,1,3,0,10665
33,Function_33,10665,0x29A9,10670,1,3,0,10722
34,Function_34,10722,0x29E2,10727,1,3,0,10783
35,Function_35,10783,0x2A1F,10788,1,3,0,11193
36,Function_36,11193,0x2BB9,11198,3,7,0,11773
37,Function_37,11773,0x2DFD,11778,1,3,0,11838
38,Function_38,11838,0x2E3E,11843,0,8,0,11975
39,Function_39,11975,0x2EC7,11980,0,8,0,12126
40,Function_40,12126,0x2F5E,12131,0,8,0,12253
41,Function_41,12253,0x2FDD,12258,0,2,0,12314
42,Function_42,12314,0x301A,12319,3,7,0,12838
43,Function_43,12838,0x3226,12843,0,4,0,12995
44,Function_44,12995,0x32C3,13000,1,3,0,13021
45,Function_45,13021,0x32DD,13026,1,3,0,13043
46,Function_46,13043,0x32F3,13048,1,3,0,13064
47,Function_47,13064,0x3308,13069,3,7,0,13156
48,Function_48,13156,0x3364,13161,1,3,0,13178
49,Function_49,13178,0x337A,13183,0,2,0,13242
50,Function_50,13242,0x33BA,13247,0,6,0,13353
51,Function_51,13353,0x3429,13358,2,4,0,13366
52,Function_52,13366,0x3436,13371,1,3,0,13514
53,Function_53,13514,0x34CA,13519,0,2,0,13524
54,Function_54,13524,0x34D4,13529,1,3,0,13696
55,Function_55,13696,0x3580,13701,1,3,0,13796
56,Function_56,13796,0x35E4,13801,1,4,0,13826
57,Function_57,13826,0x3602,13831,0,2,0,13847
58,Function_58,13847,0x3617,13852,0,26,0,13929
59,Function_59,13929,0x3669,13934,1,3,0,13955
60,Function_60,13955,0x3683,13960,1,3,0,13991
61,Function_61,13991,0x36A7,13996,1,3,0,14012
62,Function_62,14012,0x36BC,14017,1,3,0,14035
63,Function_63,14035,0x36D3,14040,1,7,0,14093
64,Function_64,14093,0x370D,14098,0,2,0,14120
65,Function_65,14120,0x3728,14125,0,26,0,14180
66,Function_66,14180,0x3764,14185,4,8,0,14732
67,Function_67,14732,0x398C,14737,1,3,0,14890
68,Function_68,14890,0x3A2A,14895,0,2,0,14993
69,Function_69,14993,0x3A91,14998,2,44,0,15071
70,Function_70,15071,0x3ADF,15076,1,7,0,15120
71,Function_71,15120,0x3B10,15125,1,27,0,15167
72,Function_72,15167,0x3B3F,15172,6,9,0,15473
73,Function_73,15473,0x3C71,15478,0,26,0,15540
74,Function_74,15540,0x3CB4,15545,0,2,0,15590
75,Function_75,15590,0x3CE6,15595,0,2,0,15611
76,Function_76,15611,0x3CFB,15616,1,3,0,15749
77,Function_77,15749,0x3D85,15754,1,3,0,15764
78,Function_78,15764,0x3D94,15769,2,4,0,15778
79,Function_79,15778,0x3DA2,15783,1,3,0,15793
80,Function_80,15793,0x3DB1,15798,2,4,0,15807
81,Function_81,15807,0x3DBF,15812,1,3,0,16101
82,Function_82,16101,0x3EE5,16106,1,5,0,16119
83,Function_83,16119,0x3EF7,16124,1,3,0,16136
84,Function_84,16136,0x3F08,16141,1,3,0,16169
85,Function_85,16169,0x3F29,16174,0,2,0,16181
86,Function_86,16181,0x3F35,16186,0,2,0,16551
87,"������9�������1Ng��~��%��l���\�\?w�d�����3b��2�4k���gag���`\�N\g����2&b����_",16551,0x40A7,16645,87,9807,89,
